   100.164154    
   154.008224    
   226.104446    
   342.841309    
   502.810547    
   684.615967    
   873.519714    
   1069.67090    
   1249.03882    
   1397.53308    
   1496.55139    
   1518.85352    
   1449.17810    
   1273.76599    
   1012.19153    
   833.665955    
   688.580261    
   586.368652    
   525.575134    
   476.932190    
   444.222504    
   435.202850    
   437.754852    
   451.811096    
   475.996826    
   513.162537    
   535.239197    
   562.472351    
   590.610779    
   593.630310    
   593.017029    
   582.096375    
   552.058533    
   534.942383    
